mjd x y err_x err_y source
41762.84731474483 -28.158203707241597 177.78390130712478 2.0 2.0 0.0
41846.85302046446 -31.4303201577144 178.25020329520964 2.0 2.0 0.0
42641.14523015352 -3.0192663136500557 172.97365126205568 17.0 17.0 0.0
42642.13138409023 -3.0192663136500557 172.97365126205568 17.0 17.0 0.0
42886.405366634935 13.349110894066344 173.48717888748413 15.0 15.0 0.0
42912.33756274835 8.059737261413359 153.78894835220436 1.0 1.0 0.0
42914.34639484165 3.83415937380007 168.95650097553602 1.0 1.0 0.0
42945.20936063869 11.996596292212498 159.54962136401852 8.0 8.0 0.0
43267.35297996348 17.043123708606085 122.82317344155031 1.0 1.0 0.0
43319.25389641027 21.42407915070581 132.27625951978038 1.0 1.0 0.0
43321.18968006382 19.582187044356868 126.49323282515876 1.0 1.0 0.0
43562.54172501834 12.83352546873638 100.18133870159299 10.0 10.0 0.0
43563.52787895505 21.367785057857656 110.96133453469814 10.0 10.0 0.0
44410.268868389016 -29.237170472273714 95.63047559630353 5.0 5.0 0.0
44413.22733019914 -33.597192788512324 101.58852610768372 1.0 1.0 0.0
44416.295364668884 -42.77045609729011 113.18872773041396 1.0 1.0 0.0
44771.27425766413 -37.800862849057886 147.22464049155195 1.0 1.0 0.0
44773.246565537556 -35.48369530609759 147.80022790044686 1.0 1.0 0.0
44776.24155156755 -34.90291862344693 156.14668191019956 1.0 1.0 0.0
44778.54257741988 -17.427316106936054 141.93409968470905 6.0 6.0 0.0
44779.49220713672 -15.156627173809746 144.20567482839962 6.0 6.0 0.0
44784.45950104014 -20.458445841129684 145.5694061050108 6.0 6.0 0.0
45162.229507239346 -28.13908903376294 173.73598265284588 1.0 1.0 0.0
45490.29005018447 -22.685315275138986 179.5727609379205 1.0 1.0 0.0
45838.32934140288 -16.313864435600415 179.25919175087466 1.0 1.0 0.0
45846.65686353507 -1.7453070996747273 199.99238461283426 7.0 7.0 0.0
46156.49182076096 -10.100839554888264 192.73550020763275 13.0 13.0 0.0
46592.00661858747 16.58639820718768 166.17428018352481 11.0 11.0 0.0
46592.00661858747 11.582585981895221 161.58540683481291 11.0 11.0 0.0
46593.978926460884 9.00554333365484 177.77204557878514 6.0 6.0 0.0
46593.978926460884 3.6858658994707083 175.9614002915728 6.0 6.0 0.0
46895.4498373347 9.584620706972451 156.70716335223312 1.0 1.0 0.0
47253.46024057983 15.806122794271888 113.90858827240551 1.0 1.0 0.0
47637.32979149863 24.147273443753335 63.568145994928976 1.0 1.0 0.0
48348.164158766245 -36.10849361202698 125.92528216791975 1.0 1.0 0.0
48408.4291215651 -30.023009231892413 112.04739584953192 5.0 5.0 0.0
48454.08439641273 -30.023009231892413 112.04739584953192 5.0 5.0 0.0
49023.42393587256 -32.437529214012756 166.87662118610285 1.0 1.0 0.0
50637.2465911864 3.743410039508964 164.9575305382452 1.0 1.0 0.0
52116.25835093022 -31.25849027914192 73.64038827619522 1.0 1.0 0.0
53078.67154471815 -35.231519874241194 179.57655751058084 1.0 1.0 0.0
53805.54004451222 -18.24800225496121 186.1075237966024 1.0 1.0 0.0
53938.34210798895 -7.677012176299036 175.83248699840698 1.0 1.0 0.0
54216.620139240185 -0.6771863745534332 193.99881808561133 1.0 1.0 0.0
54662.10604909342 3.489007152567254 166.56346186690925 1.2 1.2 0.0
54662.10604909342 3.468064732683897 165.5636811834344 0.1 0.1 0.0
51751.85620920638 15.41506973617375 13.10070704309123 1.171 1.171 1.0
51752.87888736295 15.178406172098349 12.432231741517965 0.963 0.963 1.0
53548.81130298905 -23.29872017652748 190.0270300197734 0.605 0.605 1.0
53549.83398114564 -23.346744316543983 189.87000692531174 0.575 0.575 1.0
53550.82013508234 -23.308730619668456 189.83437696291926 0.603 0.603 1.0
53551.80628901905 -23.262211343657498 189.72925979775238 0.556 0.556 1.0
53552.828967175636 -23.290201448857818 189.95755030130184 0.562 0.562 1.0
53553.81512111235 -23.236027300525933 190.06492952485792 0.621 0.621 1.0
53554.83779926892 -23.183846959293295 189.63810729958277 0.576 0.576 1.0
53555.82395320563 -23.178619081495523 189.87045588367593 0.622 0.622 1.0
53556.810107142344 -23.12732961197971 189.72560060523946 0.602 0.602 1.0
53561.813925265626 -23.01772945062501 189.93032019911362 0.572 0.572 1.0
53562.83660342221 -23.00740600522324 190.1229585529081 0.595 0.595 1.0
53563.822757358925 -22.97062403182018 190.09718785818154 0.595 0.595 1.0
53836.80477672783 -16.657587099935302 191.16562685798945 0.321 0.321 1.0
53849.807399004494 -16.34023580311767 190.99228464495238 0.319 0.319 1.0
53854.811217127775 -15.954361151736135 190.7941035782814 0.583 0.583 1.0
53857.80620315779 -16.062643695494355 190.88537156500914 0.305 0.305 1.0
53859.81503525107 -15.9901658792141 190.82121133447197 0.291 0.291 1.0
53860.80118918778 -15.987660761576748 190.79131611101366 0.306 0.306 1.0
53863.832699437655 -15.96436075132983 190.91368621919543 0.307 0.307 1.0
53864.81885337435 -15.980145408664693 190.7016304406387 0.323 0.323 1.0
53865.805007311064 -15.886930653679315 190.78969556662432 0.308 0.308 1.0
53866.82768546765 -15.821984205269683 190.81516112669925 0.302 0.302 1.0
53867.81383940436 -15.863568313113065 190.91205331349613 0.302 0.302 1.0
53868.799993341076 -15.64173614373158 191.07082506340387 0.335 0.335 1.0
53869.82267149765 -15.664454662368811 190.93852743783953 0.58 0.58 1.0
53870.80882543436 -15.834379346183615 190.9646481177109 0.3 0.3 1.0
53871.83150359093 -15.822810547997278 190.8251269261 0.3 0.3 1.0
53872.817657527645 -15.71416718506917 191.13511804396305 0.306 0.306 1.0
53873.80381146436 -15.703515178947265 191.00555518367673 0.302 0.302 1.0
53874.826489620944 -15.710070259637666 191.08528617462215 0.318 0.318 1.0
53875.81264355764 -15.739315071477938 191.0327101861897 0.352 0.352 1.0
53877.82147565094 -15.565289767552052 190.95667009678436 0.784 0.784 1.0
53878.80762958765 -15.507277789075356 191.48309699702597 0.714 0.714 1.0
53880.81646168094 -15.464495751554093 190.95482651965142 0.663 0.663 1.0
53886.80643374093 -15.321007145609489 191.25732310174214 0.698 0.698 1.0
53888.81526583423 -15.376138320513327 190.69108649947023 0.767 0.767 1.0
53889.80141977094 -15.381764423082119 190.76086004008474 0.763 0.763 1.0
53890.8240979276 -15.274081122162904 191.09053468414803 0.686 0.686 1.0
54227.79655052291 -7.064894172911082 184.7449638564623 0.728 0.728 1.0
54228.81922867948 -6.779818984887159 184.895739416927 0.579 0.579 1.0
54229.80538261619 -7.000405585887437 184.74741871439795 0.707 0.707 1.0
54230.791536552904 -7.028846086693106 184.64626647373507 0.67 0.67 1.0
54234.80920073949 -6.899936972217911 184.65112853643603 0.695 0.695 1.0
54235.7953546762 -6.868452504700302 184.67231617161974 0.749 0.749 1.0
54236.81803283277 -6.86250579257502 184.51242672038887 0.867 0.867 1.0
54237.804186769485 -6.7929438513133364 184.3749058679974 0.352 0.352 1.0
54244.81683698614 -6.426568624834931 184.9583848213167 0.319 0.319 1.0
54245.80299092285 -5.87906691890199 184.00610471439003 0.652 0.652 1.0
54247.81182301615 -6.812825638195228 184.91453973883054 1.76 1.76 1.0
54641.79858284113 3.6378502283634124 166.72031563584565 3.28 3.28 1.0
54643.807414934505 3.808093562014462 166.5264643335195 0.443 0.443 1.0
54645.816247027804 3.891310591255665 166.35449408381604 1.409 1.409 1.0
54649.79738699451 4.001667007818064 166.11180650742 0.505 0.505 1.0
54654.801205117794 4.19752254693406 165.82688323811666 0.508 0.508 1.0
54897.79683996676 10.365110634677725 147.8571367284342 0.347 0.347 1.0
54906.78179805675 10.483133068848113 146.9665932144473 0.556 0.556 1.0
54907.80447621342 10.50450401705173 146.90491412936376 0.538 0.538 1.0
54908.79063015005 10.534998121262607 146.61198421201794 0.574 0.574 1.0
55018.80158042292 13.276269740741077 136.8776499716849 0.289 0.289 1.0
55019.787734359634 13.344054416053616 136.830868636216 0.313 0.313 1.0
55020.810412516206 13.407890426907137 136.74424475750362 0.333 0.333 1.0
55021.79656645292 13.46869626635336 136.62773627958828 0.326 0.326 1.0
55024.791552482915 13.481929544993843 136.27472684156743 0.31 0.31 1.0
55025.77770641963 13.533486493022824 136.06863100414867 0.31 0.31 1.0
55026.800384576214 13.54239400936312 136.1581891202111 0.295 0.295 1.0
55038.780328696215 13.734877592092067 134.9830194414477 0.315 0.315 1.0
55300.768557881835 19.190580928795764 102.34636536592464 0.4 0.4 1.0
55310.776194128484 19.318245808015554 100.88708430171371 0.374 0.374 1.0
55311.79887228507 19.30635840112711 100.63481219382898 0.373 0.373 1.0
55312.78502622178 19.299959814592153 100.41202144741001 0.326 0.326 1.0
55320.783830375076 19.383221381847445 99.07165704106444 0.366 0.366 1.0
55322.79266246836 19.540907177725092 99.69293378505586 0.745 0.745 1.0
55323.77881640507 19.49043143272163 98.79581510654374 0.401 0.401 1.0
55324.801494561645 19.62280359208567 98.8307805250289 0.343 0.343 1.0
55330.79146662165 19.739320442404015 97.80801413213588 0.469 0.469 1.0
55331.777620558365 19.6283528615847 97.69774953365672 0.529 0.529 1.0
55334.77260658836 19.689561546283766 97.12430780250175 0.563 0.563 1.0
55335.795284744934 19.716455376844085 97.16987129441367 0.503 0.503 1.0
55340.79910286823 19.778740537335047 96.26920495546216 0.534 0.534 1.0
55341.78525680494 19.808311807598646 96.24270561103813 0.549 0.549 1.0
55342.771410741654 19.808175747956824 95.98747977490636 0.534 0.534 1.0
55343.79408889823 19.85032730185552 95.93792475350511 0.543 0.543 1.0
55344.78024283494 19.847743993432786 95.67293848508653 0.508 0.508 1.0
55345.80292099151 19.87503481302226 95.6366320568701 0.557 0.557 1.0
55346.78907492822 19.87173081151876 95.45346674979666 0.523 0.523 1.0
55348.79790702152 19.918631451822648 95.09633915712244 0.528 0.528 1.0
55371.771641324885 20.23428182109898 91.12041175929981 1.264 1.264 1.0
55372.79431948147 20.214256419515245 90.58189630056377 0.886 0.886 1.0
55373.780473418185 20.293277778341324 90.86139376551009 0.784 0.784 1.0
55374.80315157476 20.392796359091907 90.85960739875893 0.894 0.894 1.0
55379.77044547818 20.35979915125234 89.83167970443759 0.932 0.932 1.0
55381.77927757146 20.41155765298357 89.69686958962909 0.794 0.794 1.0
55383.78810966476 20.42856736917932 90.06217927211678 0.853 0.853 1.0
55421.773298338 20.924046118137095 83.79714311386799 0.731 0.731 1.0
54349.02043629828 3.9 168.9 0.3 0.3 2.0
54599.72268154158 7.8 163.5 0.4 1.0 2.0
54611.19128658333 6.5 163.0 0.4 0.5 2.0
54932.34875197148 11.5 156.8 1.0 1.0 2.0
54985.41844345433 12.7 146.8 0.5 3.0 2.0
55042.104032705116 12.8 135.3 1.5 2.5 2.0
55301.31642118003 27.7 101.6 0.1 0.1 2.0
55331.59499945893 22.6 96.3 0.1 0.1 2.0
